
2 3 3 3 3 3 3 3 3 2 
3 4 4 4 4 4 4 4 4 3 
3 4 4 4 4 4 4 4 4 3 
3 4 4 4 4 4 4 4 4 3 
3 4 4 4 4 4 4 4 4 3 
3 4 4 4 4 4 4 4 4 3 
3 4 4 4 4 4 4 4 4 3 
3 4 4 4 4 4 4 4 4 3 
3 4 4 4 4 4 4 4 4 3 
2 3 3 3 3 3 3 3 3 2 

4 6 7 7 7 7 7 7 6 4 
6 8 9 9 9 9 9 9 8 6 
7 9 10 10 10 10 10 10 9 7 
7 9 10 10 10 10 10 10 9 7 
7 9 10 10 10 10 10 10 9 7 
7 9 10 10 10 10 10 10 9 7 
7 9 10 10 10 10 10 10 9 7 
7 9 10 10 10 10 10 10 9 7 
6 8 9 9 9 9 9 9 8 6 
4 6 7 7 7 7 7 7 6 4 

6 9 11 12 12 12 12 11 9 6 
9 12 14 15 15 15 15 14 12 9 
11 14 16 17 17 17 17 16 14 11 
12 15 17 18 18 18 18 17 15 12 
12 15 17 18 18 18 18 17 15 12 
12 15 17 18 18 18 18 17 15 12 
12 15 17 18 18 18 18 17 15 12 
11 14 16 17 17 17 17 16 14 11 
9 12 14 15 15 15 15 14 12 9 
6 9 11 12 12 12 12 11 9 6 

8 12 15 17 18 18 17 15 12 8 
12 16 19 21 22 22 21 19 16 12 
15 19 22 24 25 25 24 22 19 15 
17 21 24 26 27 27 26 24 21 17 
18 22 25 27 28 28 27 25 22 18 
18 22 25 27 28 28 27 25 22 18 
17 21 24 26 27 27 26 24 21 17 
15 19 22 24 25 25 24 22 19 15 
12 16 19 21 22 22 21 19 16 12 
8 12 15 17 18 18 17 15 12 8 
