0 
01 58 00 00 00 00 48 00 00 00 
00 58 00 00 00 00 48 00 29 29 
00 58 00 48 00 00 48 00 00 00 
00 58 00 48 00 00 48 00 00 00 
00 58 00 48 00 00 00 00 00 38 
00 00 00 48 00 00 00 28 00 38 
00 00 00 00 00 38 00 28 00 38 
39 39 39 00 00 38 00 00 00 00 
00 00 00 00 00 38 00 29 29 00 
29 29 00 00 00 00 00 00 00 00 
29 29 00 28 00 48 00 29 29 00 
00 00 00 28 00 48 00 00 00 01 
00 00 00 00 00 48 00 00 48 00 
39 39 39 00 00 48 00 00 48 00 
00 00 00 00 00 00 00 00 48 00 
28 00 00 39 39 39 00 00 48 00 
28 00 00 00 01 00 00 00 00 00 
00 00 00 00 00 00 00 00 00 00 
39 39 39 00 00 59 59 59 59 59 
00 00 00 00 00 00 00 00 00 00 
00 00 00 00 00 00 00 00 00 00 
00 00 00 00 00 00 00 00 00 01 
00 00 00 00 00 00 00 00 00 00 
00 00 00 00 00 00 00 00 00 00 
00 00 00 00 00 00 00 00 00 00 
00 00 00 00 00 00 00 00 00 00 
00 00 00 00 01 00 00 00 00 00 
00 00 00 00 00 00 00 00 00 00 
00 00 00 00 00 00 00 00 00 00 
00 00 00 00 00 00 00 00 00 00 
01 00 00 00 00 00 00 00 00 00 
00 00 00 00 00 00 00 00 00 00 
00 00 00 00 00 00 00 00 00 00 
00 00 00 00 00 00 00 00 00 00 
00 00 00 00 00 00 00 00 00 00 
00 00 00 00 00 00 00 00 00 00 
00 00 00 00 00 00 00 00 00 00 
00 00 00 00 00 00 00 00 00 00 
00 00 00 00 00 00 00 00 00 00 
00 00 00 00 00 00 00 00 00 00 
-5 
2 
1 
-6 
-6 
-6 
-6 
