0 
00 00 00 00 38 00 00 00 00 00 
58 00 00 00 38 00 38 00 48 00 
58 00 28 00 38 00 38 00 48 00 
58 00 28 00 00 00 38 00 48 00 
58 00 00 00 00 00 00 00 48 00 
58 00 48 00 00 00 00 00 00 00 
00 00 48 00 29 29 00 00 29 29 
00 00 48 00 00 00 00 00 00 00 
00 00 48 00 39 39 39 00 00 00 
00 00 00 00 00 00 00 00 29 29 
29 29 00 29 29 00 00 39 39 39 
00 00 00 00 00 00 00 00 00 00 
00 00 29 29 00 00 29 29 00 38 
00 00 00 00 00 00 00 00 00 38 
00 38 00 59 53 59 59 59 00 38 
00 38 00 00 00 00 00 00 00 00 
00 38 00 00 00 00 00 00 00 00 
00 00 00 00 00 00 49 49 49 49 
49 49 49 49 00 00 00 00 00 00 
00 00 00 00 00 00 00 00 00 00 
00 00 00 00 00 00 00 00 00 00 
00 00 00 00 00 00 00 00 00 00 
00 00 00 00 00 00 00 00 00 00 
00 00 00 00 00 00 00 00 00 00 
00 00 00 00 02 00 00 00 00 00 
00 00 00 00 00 00 00 00 00 00 
00 00 00 00 00 00 00 00 00 00 
00 00 00 00 00 00 00 00 00 00 
00 00 00 00 00 00 00 00 00 00 
00 00 00 00 00 00 00 00 00 00 
00 00 00 00 00 00 00 00 00 00 
00 00 00 00 00 00 00 00 00 00 
00 00 00 00 00 00 00 00 00 00 
00 00 00 00 00 00 00 00 00 00 
00 00 00 00 00 00 00 00 00 00 
00 00 00 00 00 00 00 00 00 00 
00 00 00 00 00 00 00 00 00 00 
00 00 00 00 00 00 00 00 00 00 
00 00 00 00 00 00 00 00 00 00 
00 00 00 00 00 00 00 00 00 00 
-5 
2 
1 
-6 
-6 
-6 
-6 
