3 
01 48 00 00 00 58 00 28 00 38 
00 48 00 00 00 58 00 28 00 38 
00 48 00 38 00 58 00 00 00 38 
00 48 00 38 00 58 00 00 00 00 
00 00 00 38 00 58 00 00 29 29 
00 00 00 00 00 00 00 00 00 00 
00 00 00 49 49 49 49 00 00 00 
28 00 00 00 00 00 00 00 28 00 
28 00 00 00 00 00 00 00 28 00 
00 00 00 00 39 39 39 00 00 00 
28 00 39 39 39 00 58 00 29 29 
28 00 00 00 00 00 58 00 00 00 
00 00 29 29 00 00 58 00 00 00 
00 00 00 00 00 00 58 00 48 00 
39 39 39 00 01 00 58 00 48 00 
00 00 00 00 00 00 00 00 48 00 
38 00 00 00 00 00 00 00 48 00 
38 00 00 00 00 00 00 00 00 00 
38 00 29 29 00 00 49 49 49 49 
00 00 00 00 00 00 00 00 00 00 
00 00 00 00 00 00 00 00 00 00 
00 00 00 00 00 00 00 00 00 00 
00 00 00 00 00 00 00 00 00 00 
00 00 00 00 00 00 00 00 00 00 
00 00 00 00 01 00 00 00 00 00 
00 00 00 00 00 00 00 00 00 00 
00 00 00 00 00 00 00 00 00 00 
00 00 00 00 00 00 00 00 00 00 
00 00 00 00 00 00 00 00 00 00 
00 00 00 00 00 00 00 00 00 00 
01 00 00 00 00 00 00 00 00 00 
00 00 00 00 00 00 00 00 00 00 
00 00 00 00 00 00 00 00 00 00 
00 00 00 00 00 00 00 00 00 00 
00 00 00 00 00 00 00 00 00 00 
00 00 00 00 00 00 00 00 00 00 
00 00 00 00 00 00 00 00 00 00 
00 00 00 00 00 00 00 00 00 00 
00 00 00 00 00 00 00 00 00 00 
00 00 00 00 00 00 00 00 00 00 
-5 
2 
1 
-6 
-6 
-6 
-6 
