0 
01 00 28 00 00 00 00 00 00 00 
00 00 28 00 49 49 49 49 00 00 
48 00 00 00 00 00 00 00 00 00 
48 00 58 00 00 00 00 00 00 00 
48 00 58 00 39 39 39 00 00 00 
48 00 58 00 00 00 00 00 00 28 
00 00 58 00 38 00 00 00 00 28 
00 00 58 00 38 00 29 29 00 00 
00 00 00 00 38 00 00 00 00 00 
29 29 00 00 00 00 00 39 39 39 
00 00 59 59 59 59 59 00 29 29 
00 00 00 00 00 00 00 00 00 00 
00 00 00 00 00 00 00 00 00 00 
00 39 39 39 00 39 39 39 00 00 
00 00 00 00 00 00 00 00 00 48 
00 49 49 49 49 00 00 00 00 48 
00 00 00 00 00 00 00 00 00 48 
00 00 00 39 39 39 00 00 00 48 
28 00 00 00 00 00 00 00 00 00 
28 00 00 29 29 01 00 00 29 29 
00 00 00 00 00 00 00 00 00 00 
00 00 00 00 00 00 00 00 00 00 
00 00 00 00 00 00 00 00 00 00 
00 00 00 00 00 00 00 00 00 00 
00 00 00 00 00 00 00 00 00 00 
00 00 00 00 00 00 00 00 00 00 
00 00 00 00 00 00 00 00 00 00 
00 00 00 00 00 00 00 00 00 00 
00 00 00 00 00 00 00 00 00 00 
00 00 00 00 00 01 00 00 00 00 
01 00 00 00 00 00 00 00 00 00 
00 00 00 00 00 00 00 00 00 00 
00 00 00 00 00 00 00 00 00 00 
00 00 00 00 00 00 00 00 00 00 
00 00 00 00 00 00 00 00 00 00 
00 00 00 00 00 00 00 00 00 00 
00 00 00 00 00 00 00 00 00 00 
00 00 00 00 00 00 00 00 00 00 
00 00 00 00 00 00 00 00 00 00 
00 00 00 00 00 00 00 00 00 00 
-5 
2 
1 
-6 
-6 
-6 
-6 
