0 
01 00 00 39 39 39 00 00 29 29 
00 00 00 00 00 00 00 00 00 00 
38 00 58 00 29 29 00 28 00 48 
38 00 58 00 00 00 00 28 00 48 
38 00 58 00 00 48 00 00 00 48 
00 00 58 00 00 48 00 00 00 48 
38 00 58 00 00 48 00 00 00 00 
38 00 00 00 00 48 00 00 00 00 
38 00 00 00 00 00 00 00 29 29 
00 00 00 00 00 00 00 00 00 00 
00 00 00 39 39 39 00 00 00 00 
38 00 00 00 00 00 00 28 00 00 
38 00 29 29 00 00 00 28 00 00 
38 00 00 00 00 00 00 00 00 48 
00 00 00 29 23 00 58 00 00 48 
00 48 00 00 00 00 58 00 00 48 
00 48 00 38 00 00 58 00 00 48 
00 48 00 38 00 00 58 00 00 00 
00 48 00 38 00 00 58 00 00 00 
00 00 00 00 00 00 00 00 29 29 
00 00 00 00 00 00 00 00 00 00 
00 00 00 00 00 00 00 00 00 00 
00 00 00 00 00 00 00 00 00 00 
00 00 00 00 00 00 00 00 00 00 
00 00 00 00 02 00 00 00 00 00 
00 00 00 00 00 00 00 00 00 00 
00 00 00 00 00 00 00 00 00 00 
00 00 00 00 00 00 00 00 00 00 
00 00 00 00 00 00 00 00 00 00 
00 00 00 00 00 00 00 00 00 00 
01 00 00 00 00 00 00 00 00 00 
00 00 00 00 00 00 00 00 00 00 
00 00 00 00 00 00 00 00 00 00 
00 00 00 00 00 00 00 00 00 00 
00 00 00 00 00 00 00 00 00 00 
00 00 00 00 00 00 00 00 00 00 
00 00 00 00 00 00 00 00 00 00 
00 00 00 00 00 00 00 00 00 00 
00 00 00 00 00 00 00 00 00 00 
00 00 00 00 00 00 00 00 00 00 
-5 
2 
1 
-6 
-6 
-6 
-6 
