0 
22 00 00 00 29 29 00 00 00 00 
22 00 48 00 00 00 00 58 00 28 
00 00 48 00 38 00 00 58 00 28 
48 00 48 00 38 00 00 58 00 00 
48 00 48 00 38 00 00 58 00 00 
48 00 00 00 00 00 00 58 00 00 
48 00 29 29 00 00 00 00 00 00 
00 00 00 00 00 00 00 00 00 00 
00 00 00 00 00 00 39 39 39 00 
00 00 39 39 39 00 00 00 00 00 
58 00 00 00 00 00 00 00 00 00 
58 00 00 28 00 49 49 49 49 00 
58 00 00 28 00 00 00 00 00 00 
58 00 00 00 00 00 00 00 00 28 
58 00 29 29 01 39 33 39 00 28 
00 00 00 00 00 01 00 00 00 00 
00 00 48 00 00 39 39 39 00 00 
00 00 48 00 00 00 00 00 00 00 
00 00 48 00 28 00 00 00 00 00 
00 00 48 00 28 00 39 39 39 00 
00 00 00 00 00 00 00 00 00 00 
00 00 00 00 00 00 00 00 00 00 
00 00 00 00 00 00 00 00 00 00 
00 00 00 00 00 00 00 00 00 00 
00 00 00 00 01 00 02 00 00 00 
00 00 00 00 00 01 00 00 00 00 
00 00 00 00 00 00 00 00 00 00 
00 00 00 00 00 00 00 00 00 00 
00 00 00 00 00 00 00 00 00 00 
00 00 00 00 00 00 00 00 00 00 
02 00 00 00 00 00 00 00 00 00 
02 00 00 00 00 00 00 00 00 00 
00 00 00 00 00 00 00 00 00 00 
00 00 00 00 00 00 00 00 00 00 
00 00 00 00 00 00 00 00 00 00 
00 00 00 00 00 00 00 00 00 00 
00 00 00 00 00 00 00 00 00 00 
00 00 00 00 00 00 00 00 00 00 
00 00 00 00 00 00 00 00 00 00 
00 00 00 00 00 00 00 00 00 00 
-5 
2 
1 
-6 
-6 
-6 
-6 
